3658
3536
3414
3292
3170
3048
2926
2804
2682
2560
2438
2316
2194
2072
1950
1828
1706
1584
1462
1340
1218
1096
974
852
730
608
486
364
242
120
59
181
303
425
547
669
791
913
1035
1157
1279
1401
1523
1645
1767
1889
2011
2133
2255
2377
2499
2621
2743
2865
2987
3109
3231
3353
3475
3597
3719
3656
3534
3412
3290
3168
3046
2924
2802
2680
2558
2436
2314
2192
2070
1948
1826
1704
1582
1460
1338
1216
1094
972
850
728
606
484
362
240
118
57
179
301
423
545
667
789
911
1033
1155
1277
1399
1521
1643
1765
1887
2009
2131
2253
2375
2497
2619
2741
2863
2985
3107
3229
3351
3473
3595
3717
3654
3532
3410
3288
3166
3044
2922
2800
2678
2556
2434
2312
2190
2068
1946
1824
1702
1580
1458
1336
1214
1092
970
848
726
604
482
360
238
116
55
177
299
421
543
665
787
909
1031
1153
1275
1397
1519
1641
1763
1885
2007
2129
2251
2373
2495
2617
2739
2861
2983
3105
3227
3349
3471
3593
3715
3652
3530
3408
3286
3164
3042
2920
2798
2676
2554
2432
2310
2188
2066
1944
1822
1700
1578
1456
1334
1212
1090
968
846
724
602
480
358
236
114
53
175
297
419
541
663
785
907
1029
1151
1273
1395
1517
1639
1761
1883
2005
2127
2249
2371
2493
2615
2737
2859
2981
3103
3225
3347
3469
3591
3713
3650
3528
3406
3284
3162
3040
2918
2796
2674
2552
2430
2308
2186
2064
1942
1820
1698
1576
1454
1332
1210
1088
966
844
722
600
478
356
234
112
51
173
295
417
539
661
783
905
1027
1149
1271
1393
1515
1637
1759
1881
2003
2125
2247
2369
2491
2613
2735
2857
2979
3101
3223
3345
3467
3589
3711
3648
3526
3404
3282
3160
3038
2916
2794
2672
2550
2428
2306
2184
2062
1940
1818
1696
1574
1452
1330
1208
1086
964
842
720
598
476
354
232
110
49
171
293
415
537
659
781
903
1025
1147
1269
1391
1513
1635
1757
1879
2001
2123
2245
2367
2489
2611
2733
2855
2977
3099
3221
3343
3465
3587
3709
3646
3524
3402
3280
3158
3036
2914
2792
2670
2548
2426
2304
2182
2060
1938
1816
1694
1572
1450
1328
1206
1084
962
840
718
596
474
352
230
108
47
169
291
413
535
657
779
901
1023
1145
1267
1389
1511
1633
1755
1877
1999
2121
2243
2365
2487
2609
2731
2853
2975
3097
3219
3341
3463
3585
3707
3644
3522
3400
3278
3156
3034
2912
2790
2668
2546
2424
2302
2180
2058
1936
1814
1692
1570
1448
1326
1204
1082
960
838
716
594
472
350
228
106
45
167
289
411
533
655
777
899
1021
1143
1265
1387
1509
1631
1753
1875
1997
2119
2241
2363
2485
2607
2729
2851
2973
3095
3217
3339
3461
3583
3705
3642
3520
3398
3276
3154
3032
2910
2788
2666
2544
2422
2300
2178
2056
1934
1812
1690
1568
1446
1324
1202
1080
958
836
714
592
470
348
226
104
43
165
287
409
531
653
775
897
1019
1141
1263
1385
1507
1629
1751
1873
1995
2117
2239
2361
2483
2605
2727
2849
2971
3093
3215
3337
3459
3581
3703
3640
3518
3396
3274
3152
3030
2908
2786
2664
2542
2420
2298
2176
2054
1932
1810
1688
1566
1444
1322
1200
1078
956
834
712
590
468
346
224
102
41
163
285
407
529
651
773
895
1017
1139
1261
1383
1505
1627
1749
1871
1993
2115
2237
2359
2481
2603
2725
2847
2969
3091
3213
3335
3457
3579
3701
3638
3516
3394
3272
3150
3028
2906
2784
2662
2540
2418
2296
2174
2052
1930
1808
1686
1564
1442
1320
1198
1076
954
832
710
588
466
344
222
100
39
161
283
405
527
649
771
893
1015
1137
1259
1381
1503
1625
1747
1869
1991
2113
2235
2357
2479
2601
2723
2845
2967
3089
3211
3333
3455
3577
3699
3636
3514
3392
3270
3148
3026
2904
2782
2660
2538
2416
2294
2172
2050
1928
1806
1684
1562
1440
1318
1196
1074
952
830
708
586
464
342
220
98
37
159
281
403
525
647
769
891
1013
1135
1257
1379
1501
1623
1745
1867
1989
2111
2233
2355
2477
2599
2721
2843
2965
3087
3209
3331
3453
3575
3697
3634
3512
3390
3268
3146
3024
2902
2780
2658
2536
2414
2292
2170
2048
1926
1804
1682
1560
1438
1316
1194
1072
950
828
706
584
462
340
218
96
35
157
279
401
523
645
767
889
1011
1133
1255
1377
1499
1621
1743
1865
1987
2109
2231
2353
2475
2597
2719
2841
2963
3085
3207
3329
3451
3573
3695
3632
3510
3388
3266
3144
3022
2900
2778
2656
2534
2412
2290
2168
2046
1924
1802
1680
1558
1436
1314
1192
1070
948
826
704
582
460
338
216
94
33
155
277
399
521
643
765
887
1009
1131
1253
1375
1497
1619
1741
1863
1985
2107
2229
2351
2473
2595
2717
2839
2961
3083
3205
3327
3449
3571
3693
3630
3508
3386
3264
3142
3020
2898
2776
2654
2532
2410
2288
2166
2044
1922
1800
1678
1556
1434
1312
1190
1068
946
824
702
580
458
336
214
92
31
153
275
397
519
641
763
885
1007
1129
1251
1373
1495
1617
1739
1861
1983
2105
2227
2349
2471
2593
2715
2837
2959
3081
3203
3325
3447
3569
3691
3628
3506
3384
3262
3140
3018
2896
2774
2652
2530
2408
2286
2164
2042
1920
1798
1676
1554
1432
1310
1188
1066
944
822
700
578
456
334
212
90
29
151
273
395
517
639
761
883
1005
1127
1249
1371
1493
1615
1737
1859
1981
2103
2225
2347
2469
2591
2713
2835
2957
3079
3201
3323
3445
3567
3689
3626
3504
3382
3260
3138
3016
2894
2772
2650
2528
2406
2284
2162
2040
1918
1796
1674
1552
1430
1308
1186
1064
942
820
698
576
454
332
210
88
27
149
271
393
515
637
759
881
1003
1125
1247
1369
1491
1613
1735
1857
1979
2101
2223
2345
2467
2589
2711
2833
2955
3077
3199
3321
3443
3565
3687
3624
3502
3380
3258
3136
3014
2892
2770
2648
2526
2404
2282
2160
2038
1916
1794
1672
1550
1428
1306
1184
1062
940
818
696
574
452
330
208
86
25
147
269
391
513
635
757
879
1001
1123
1245
1367
1489
1611
1733
1855
1977
2099
2221
2343
2465
2587
2709
2831
2953
3075
3197
3319
3441
3563
3685
3622
3500
3378
3256
3134
3012
2890
2768
2646
2524
2402
2280
2158
2036
1914
1792
1670
1548
1426
1304
1182
1060
938
816
694
572
450
328
206
84
23
145
267
389
511
633
755
877
999
1121
1243
1365
1487
1609
1731
1853
1975
2097
2219
2341
2463
2585
2707
2829
2951
3073
3195
3317
3439
3561
3683
3620
3498
3376
3254
3132
3010
2888
2766
2644
2522
2400
2278
2156
2034
1912
1790
1668
1546
1424
1302
1180
1058
936
814
692
570
448
326
204
82
21
143
265
387
509
631
753
875
997
1119
1241
1363
1485
1607
1729
1851
1973
2095
2217
2339
2461
2583
2705
2827
2949
3071
3193
3315
3437
3559
3681
3618
3496
3374
3252
3130
3008
2886
2764
2642
2520
2398
2276
2154
2032
1910
1788
1666
1544
1422
1300
1178
1056
934
812
690
568
446
324
202
80
19
141
263
385
507
629
751
873
995
1117
1239
1361
1483
1605
1727
1849
1971
2093
2215
2337
2459
2581
2703
2825
2947
3069
3191
3313
3435
3557
3679
3616
3494
3372
3250
3128
3006
2884
2762
2640
2518
2396
2274
2152
2030
1908
1786
1664
1542
1420
1298
1176
1054
932
810
688
566
444
322
200
78
17
139
261
383
505
627
749
871
993
1115
1237
1359
1481
1603
1725
1847
1969
2091
2213
2335
2457
2579
2701
2823
2945
3067
3189
3311
3433
3555
3677
3614
3492
3370
3248
3126
3004
2882
2760
2638
2516
2394
2272
2150
2028
1906
1784
1662
1540
1418
1296
1174
1052
930
808
686
564
442
320
198
76
15
137
259
381
503
625
747
869
991
1113
1235
1357
1479
1601
1723
1845
1967
2089
2211
2333
2455
2577
2699
2821
2943
3065
3187
3309
3431
3553
3675
3612
3490
3368
3246
3124
3002
2880
2758
2636
2514
2392
2270
2148
2026
1904
1782
1660
1538
1416
1294
1172
1050
928
806
684
562
440
318
196
74
13
135
257
379
501
623
745
867
989
1111
1233
1355
1477
1599
1721
1843
1965
2087
2209
2331
2453
2575
2697
2819
2941
3063
3185
3307
3429
3551
3673
3610
3488
3366
3244
3122
3000
2878
2756
2634
2512
2390
2268
2146
2024
1902
1780
1658
1536
1414
1292
1170
1048
926
804
682
560
438
316
194
72
11
133
255
377
499
621
743
865
987
1109
1231
1353
1475
1597
1719
1841
1963
2085
2207
2329
2451
2573
2695
2817
2939
3061
3183
3305
3427
3549
3671
3608
3486
3364
3242
3120
2998
2876
2754
2632
2510
2388
2266
2144
2022
1900
1778
1656
1534
1412
1290
1168
1046
924
802
680
558
436
314
192
70
9
131
253
375
497
619
741
863
985
1107
1229
1351
1473
1595
1717
1839
1961
2083
2205
2327
2449
2571
2693
2815
2937
3059
3181
3303
3425
3547
3669
3606
3484
3362
3240
3118
2996
2874
2752
2630
2508
2386
2264
2142
2020
1898
1776
1654
1532
1410
1288
1166
1044
922
800
678
556
434
312
190
68
7
129
251
373
495
617
739
861
983
1105
1227
1349
1471
1593
1715
1837
1959
2081
2203
2325
2447
2569
2691
2813
2935
3057
3179
3301
3423
3545
3667
3604
3482
3360
3238
3116
2994
2872
2750
2628
2506
2384
2262
2140
2018
1896
1774
1652
1530
1408
1286
1164
1042
920
798
676
554
432
310
188
66
5
127
249
371
493
615
737
859
981
1103
1225
1347
1469
1591
1713
1835
1957
2079
2201
2323
2445
2567
2689
2811
2933
3055
3177
3299
3421
3543
3665
3602
3480
3358
3236
3114
2992
2870
2748
2626
2504
2382
2260
2138
2016
1894
1772
1650
1528
1406
1284
1162
1040
918
796
674
552
430
308
186
64
3
125
247
369
491
613
735
857
979
1101
1223
1345
1467
1589
1711
1833
1955
2077
2199
2321
2443
2565
2687
2809
2931
3053
3175
3297
3419
3541
3663
3600
3478
3356
3234
3112
2990
2868
2746
2624
2502
2380
2258
2136
2014
1892
1770
1648
1526
1404
1282
1160
1038
916
794
672
550
428
306
184
62
1
123
245
367
489
611
733
855
977
1099
1221
1343
1465
1587
1709
1831
1953
2075
2197
2319
2441
2563
2685
2807
2929
3051
3173
3295
3417
3539
3661
3599
3477
3355
3233
3111
2989
2867
2745
2623
2501
2379
2257
2135
2013
1891
1769
1647
1525
1403
1281
1159
1037
915
793
671
549
427
305
183
61
0
122
244
366
488
610
732
854
976
1098
1220
1342
1464
1586
1708
1830
1952
2074
2196
2318
2440
2562
2684
2806
2928
3050
3172
3294
3416
3538
3660
3601
3479
3357
3235
3113
2991
2869
2747
2625
2503
2381
2259
2137
2015
1893
1771
1649
1527
1405
1283
1161
1039
917
795
673
551
429
307
185
63
2
124
246
368
490
612
734
856
978
1100
1222
1344
1466
1588
1710
1832
1954
2076
2198
2320
2442
2564
2686
2808
2930
3052
3174
3296
3418
3540
3662
3603
3481
3359
3237
3115
2993
2871
2749
2627
2505
2383
2261
2139
2017
1895
1773
1651
1529
1407
1285
1163
1041
919
797
675
553
431
309
187
65
4
126
248
370
492
614
736
858
980
1102
1224
1346
1468
1590
1712
1834
1956
2078
2200
2322
2444
2566
2688
2810
2932
3054
3176
3298
3420
3542
3664
3605
3483
3361
3239
3117
2995
2873
2751
2629
2507
2385
2263
2141
2019
1897
1775
1653
1531
1409
1287
1165
1043
921
799
677
555
433
311
189
67
6
128
250
372
494
616
738
860
982
1104
1226
1348
1470
1592
1714
1836
1958
2080
2202
2324
2446
2568
2690
2812
2934
3056
3178
3300
3422
3544
3666
3607
3485
3363
3241
3119
2997
2875
2753
2631
2509
2387
2265
2143
2021
1899
1777
1655
1533
1411
1289
1167
1045
923
801
679
557
435
313
191
69
8
130
252
374
496
618
740
862
984
1106
1228
1350
1472
1594
1716
1838
1960
2082
2204
2326
2448
2570
2692
2814
2936
3058
3180
3302
3424
3546
3668
3609
3487
3365
3243
3121
2999
2877
2755
2633
2511
2389
2267
2145
2023
1901
1779
1657
1535
1413
1291
1169
1047
925
803
681
559
437
315
193
71
10
132
254
376
498
620
742
864
986
1108
1230
1352
1474
1596
1718
1840
1962
2084
2206
2328
2450
2572
2694
2816
2938
3060
3182
3304
3426
3548
3670
3611
3489
3367
3245
3123
3001
2879
2757
2635
2513
2391
2269
2147
2025
1903
1781
1659
1537
1415
1293
1171
1049
927
805
683
561
439
317
195
73
12
134
256
378
500
622
744
866
988
1110
1232
1354
1476
1598
1720
1842
1964
2086
2208
2330
2452
2574
2696
2818
2940
3062
3184
3306
3428
3550
3672
3613
3491
3369
3247
3125
3003
2881
2759
2637
2515
2393
2271
2149
2027
1905
1783
1661
1539
1417
1295
1173
1051
929
807
685
563
441
319
197
75
14
136
258
380
502
624
746
868
990
1112
1234
1356
1478
1600
1722
1844
1966
2088
2210
2332
2454
2576
2698
2820
2942
3064
3186
3308
3430
3552
3674
3615
3493
3371
3249
3127
3005
2883
2761
2639
2517
2395
2273
2151
2029
1907
1785
1663
1541
1419
1297
1175
1053
931
809
687
565
443
321
199
77
16
138
260
382
504
626
748
870
992
1114
1236
1358
1480
1602
1724
1846
1968
2090
2212
2334
2456
2578
2700
2822
2944
3066
3188
3310
3432
3554
3676
3617
3495
3373
3251
3129
3007
2885
2763
2641
2519
2397
2275
2153
2031
1909
1787
1665
1543
1421
1299
1177
1055
933
811
689
567
445
323
201
79
18
140
262
384
506
628
750
872
994
1116
1238
1360
1482
1604
1726
1848
1970
2092
2214
2336
2458
2580
2702
2824
2946
3068
3190
3312
3434
3556
3678
3619
3497
3375
3253
3131
3009
2887
2765
2643
2521
2399
2277
2155
2033
1911
1789
1667
1545
1423
1301
1179
1057
935
813
691
569
447
325
203
81
20
142
264
386
508
630
752
874
996
1118
1240
1362
1484
1606
1728
1850
1972
2094
2216
2338
2460
2582
2704
2826
2948
3070
3192
3314
3436
3558
3680
3621
3499
3377
3255
3133
3011
2889
2767
2645
2523
2401
2279
2157
2035
1913
1791
1669
1547
1425
1303
1181
1059
937
815
693
571
449
327
205
83
22
144
266
388
510
632
754
876
998
1120
1242
1364
1486
1608
1730
1852
1974
2096
2218
2340
2462
2584
2706
2828
2950
3072
3194
3316
3438
3560
3682
3623
3501
3379
3257
3135
3013
2891
2769
2647
2525
2403
2281
2159
2037
1915
1793
1671
1549
1427
1305
1183
1061
939
817
695
573
451
329
207
85
24
146
268
390
512
634
756
878
1000
1122
1244
1366
1488
1610
1732
1854
1976
2098
2220
2342
2464
2586
2708
2830
2952
3074
3196
3318
3440
3562
3684
3625
3503
3381
3259
3137
3015
2893
2771
2649
2527
2405
2283
2161
2039
1917
1795
1673
1551
1429
1307
1185
1063
941
819
697
575
453
331
209
87
26
148
270
392
514
636
758
880
1002
1124
1246
1368
1490
1612
1734
1856
1978
2100
2222
2344
2466
2588
2710
2832
2954
3076
3198
3320
3442
3564
3686
3627
3505
3383
3261
3139
3017
2895
2773
2651
2529
2407
2285
2163
2041
1919
1797
1675
1553
1431
1309
1187
1065
943
821
699
577
455
333
211
89
28
150
272
394
516
638
760
882
1004
1126
1248
1370
1492
1614
1736
1858
1980
2102
2224
2346
2468
2590
2712
2834
2956
3078
3200
3322
3444
3566
3688
3629
3507
3385
3263
3141
3019
2897
2775
2653
2531
2409
2287
2165
2043
1921
1799
1677
1555
1433
1311
1189
1067
945
823
701
579
457
335
213
91
30
152
274
396
518
640
762
884
1006
1128
1250
1372
1494
1616
1738
1860
1982
2104
2226
2348
2470
2592
2714
2836
2958
3080
3202
3324
3446
3568
3690
3631
3509
3387
3265
3143
3021
2899
2777
2655
2533
2411
2289
2167
2045
1923
1801
1679
1557
1435
1313
1191
1069
947
825
703
581
459
337
215
93
32
154
276
398
520
642
764
886
1008
1130
1252
1374
1496
1618
1740
1862
1984
2106
2228
2350
2472
2594
2716
2838
2960
3082
3204
3326
3448
3570
3692
3633
3511
3389
3267
3145
3023
2901
2779
2657
2535
2413
2291
2169
2047
1925
1803
1681
1559
1437
1315
1193
1071
949
827
705
583
461
339
217
95
34
156
278
400
522
644
766
888
1010
1132
1254
1376
1498
1620
1742
1864
1986
2108
2230
2352
2474
2596
2718
2840
2962
3084
3206
3328
3450
3572
3694
3635
3513
3391
3269
3147
3025
2903
2781
2659
2537
2415
2293
2171
2049
1927
1805
1683
1561
1439
1317
1195
1073
951
829
707
585
463
341
219
97
36
158
280
402
524
646
768
890
1012
1134
1256
1378
1500
1622
1744
1866
1988
2110
2232
2354
2476
2598
2720
2842
2964
3086
3208
3330
3452
3574
3696
3637
3515
3393
3271
3149
3027
2905
2783
2661
2539
2417
2295
2173
2051
1929
1807
1685
1563
1441
1319
1197
1075
953
831
709
587
465
343
221
99
38
160
282
404
526
648
770
892
1014
1136
1258
1380
1502
1624
1746
1868
1990
2112
2234
2356
2478
2600
2722
2844
2966
3088
3210
3332
3454
3576
3698
3639
3517
3395
3273
3151
3029
2907
2785
2663
2541
2419
2297
2175
2053
1931
1809
1687
1565
1443
1321
1199
1077
955
833
711
589
467
345
223
101
40
162
284
406
528
650
772
894
1016
1138
1260
1382
1504
1626
1748
1870
1992
2114
2236
2358
2480
2602
2724
2846
2968
3090
3212
3334
3456
3578
3700
3641
3519
3397
3275
3153
3031
2909
2787
2665
2543
2421
2299
2177
2055
1933
1811
1689
1567
1445
1323
1201
1079
957
835
713
591
469
347
225
103
42
164
286
408
530
652
774
896
1018
1140
1262
1384
1506
1628
1750
1872
1994
2116
2238
2360
2482
2604
2726
2848
2970
3092
3214
3336
3458
3580
3702
3643
3521
3399
3277
3155
3033
2911
2789
2667
2545
2423
2301
2179
2057
1935
1813
1691
1569
1447
1325
1203
1081
959
837
715
593
471
349
227
105
44
166
288
410
532
654
776
898
1020
1142
1264
1386
1508
1630
1752
1874
1996
2118
2240
2362
2484
2606
2728
2850
2972
3094
3216
3338
3460
3582
3704
3645
3523
3401
3279
3157
3035
2913
2791
2669
2547
2425
2303
2181
2059
1937
1815
1693
1571
1449
1327
1205
1083
961
839
717
595
473
351
229
107
46
168
290
412
534
656
778
900
1022
1144
1266
1388
1510
1632
1754
1876
1998
2120
2242
2364
2486
2608
2730
2852
2974
3096
3218
3340
3462
3584
3706
3647
3525
3403
3281
3159
3037
2915
2793
2671
2549
2427
2305
2183
2061
1939
1817
1695
1573
1451
1329
1207
1085
963
841
719
597
475
353
231
109
48
170
292
414
536
658
780
902
1024
1146
1268
1390
1512
1634
1756
1878
2000
2122
2244
2366
2488
2610
2732
2854
2976
3098
3220
3342
3464
3586
3708
3649
3527
3405
3283
3161
3039
2917
2795
2673
2551
2429
2307
2185
2063
1941
1819
1697
1575
1453
1331
1209
1087
965
843
721
599
477
355
233
111
50
172
294
416
538
660
782
904
1026
1148
1270
1392
1514
1636
1758
1880
2002
2124
2246
2368
2490
2612
2734
2856
2978
3100
3222
3344
3466
3588
3710
3651
3529
3407
3285
3163
3041
2919
2797
2675
2553
2431
2309
2187
2065
1943
1821
1699
1577
1455
1333
1211
1089
967
845
723
601
479
357
235
113
52
174
296
418
540
662
784
906
1028
1150
1272
1394
1516
1638
1760
1882
2004
2126
2248
2370
2492
2614
2736
2858
2980
3102
3224
3346
3468
3590
3712
3653
3531
3409
3287
3165
3043
2921
2799
2677
2555
2433
2311
2189
2067
1945
1823
1701
1579
1457
1335
1213
1091
969
847
725
603
481
359
237
115
54
176
298
420
542
664
786
908
1030
1152
1274
1396
1518
1640
1762
1884
2006
2128
2250
2372
2494
2616
2738
2860
2982
3104
3226
3348
3470
3592
3714
3655
3533
3411
3289
3167
3045
2923
2801
2679
2557
2435
2313
2191
2069
1947
1825
1703
1581
1459
1337
1215
1093
971
849
727
605
483
361
239
117
56
178
300
422
544
666
788
910
1032
1154
1276
1398
1520
1642
1764
1886
2008
2130
2252
2374
2496
2618
2740
2862
2984
3106
3228
3350
3472
3594
3716
3657
3535
3413
3291
3169
3047
2925
2803
2681
2559
2437
2315
2193
2071
1949
1827
1705
1583
1461
1339
1217
1095
973
851
729
607
485
363
241
119
58
180
302
424
546
668
790
912
1034
1156
1278
1400
1522
1644
1766
1888
2010
2132
2254
2376
2498
2620
2742
2864
2986
3108
3230
3352
3474
3596
3718
3659
3537
3415
3293
3171
3049
2927
2805
2683
2561
2439
2317
2195
2073
1951
1829
1707
1585
1463
1341
1219
1097
975
853
731
609
487
365
243
121
60
182
304
426
548
670
792
914
1036
1158
1280
1402
1524
1646
1768
1890
2012
2134
2256
2378
2500
2622
2744
2866
2988
3110
3232
3354
3476
3598
3720