1446
2799
2677
2555
2433
2311
2189
2067
1945
1823
1701
1579
1457
1335
1213
1091
969
847
725
603
481
359
237
115
54
176
298
420
542
664
786
908
1030
1152
1274
1396
1518
1640
1762
1884
2006
2128
2250
2372
2494
2616
2738
2860
2797
2675
2553
2431
2309
2187
2065
1943
1821
1699
1577
1455
1333
1211
1089
967
845
723
601
479
357
235
113
52
174
296
418
540
662
784
906
1028
1150
1272
1394
1516
1638
1760
1882
2004
2126
2248
2370
2492
2614
2736
2858
965
843
721
599
477
355
233
111
50
172
294
416
538
660
782
904
1026
963
841
719
597
475
353
231
109
48
170
292
414
536
658
780
902
1024
961
839
717
595
473
351
229
107
46
168
290
412
534
656
778
900
1022
959
837
715
593
471
349
227
105
44
166
288
410
532
654
776
898
1020
957
835
713
591
469
347
225
103
42
164
286
408
530
652
774
896
1018
955
833
711
589
467
345
223
101
40
162
284
406
528
650
772
894
1016
953
831
709
587
465
343
221
99
38
160
282
404
526
648
770
892
1014
2795
2673
2793
2671
2791
2669
3277
3155
3033
2911
2789
2667
2545
2423
2301
2179
3153
3031
2909
2787
2665
2543
2421
2299
3273
3151
3029
2907
2785
2663
2541
2419
2297
2175
2633
2635
2637
2639
2641
2643
2645
2647
3269
3147
3025
2903
2781
2659
2537
2415
2293
2171
3143
3021
2899
2777
2655
2533
2411
2289
3259
3137
3015
2893
2771
2649
2527
2405
2283
2161
3139
3017
2895
2773
2651
2529
2407
2285
2755
2757
2759
2761
2763
2765
2767
2769
3267
3145
3023
2901
2779
2657
2535
2413
2291
2169
3149
3027
2905
2783
2661
2539
2417
2295
3263
3141
3019
2897
2775
2653
2531
2409
2287
2165
2230
2352
2474
2596
2718
2840
2962
3084
3206
3328
2702
2824
571
449
327
205
83
22
144
266
388
510
632
616
738
860
982
1040
918
796
674
552
312
190
68
7
129
251
373
427
3233
3111
2989
2867
2745
2623
2501
2379
2257
2135
2013
1891
1769
1647
1525
1403
1281
1159
680
558
617
739
861
983
2232
2354
2476
2598
2720
2842
2964
3086
3208
3330
2704
2826
311
189
67
6
128
250
372
923
801
679
557
618
740
862
984
1038
916
794
672
550
310
188
66
5
127
249
371
429
3235
3113
2991
2869
2747
2625
2503
2381
2259
2137
2015
1893
1771
1649
1527
1405
1283
1161
924
556
615
737
859
981
1103
2730
2356
2478
2600
2722
2844
2966
3088
3210
2732
2706
2828
313
191
69
8
130
252
374
925
803
681
559
620
742
864
986
1037
915
793
671
549
308
186
64
3
125
247
369
3237
3115
2993
2871
2749
2627
2505
2383
2261
2139
2199
2321
2443
2565
2687
2809
2931
3053
3175
3297
2222
2344
2466
2588
2710
2832
2954
3076
3198
3320
2694
2816
929
807
685
563
441
319
197
75
14
136
258
380
502
624
746
868
990
489
611
733
855
977
1099
1221
1343
1465
1587
1709
1831
1953
2075
2197
2319
2441
2563
2685
2807
2929
3051
3173
3295
2997
2875
2753
2631
2509
2387
3236
3114
2992
2870
2748
2626
2504
2382
2260
2138
2854
2346
2468
2590
2712
2834
2956
3078
3200
2734
2696
2818
931
809
687
565
443
321
199
77
16
138
260
382
504
626
748
870
992
488
610
732
854
976
1098
1220
1342
1464
1586
1708
1830
1952
2074
2196
2318
2440
2562
2684
2806
2928
3050
3172
3294
3117
2995
2873
2751
2629
2507
2385
2263
613
735
857
979
1101
1223
2240
2362
2484
2606
2728
2850
2972
3094
3216
3338
2448
2570
2692
2814
2936
3058
614
736
858
980
1102
1224
1162
1163
922
800
678
1043
921
799
677
555
307
185
63
2
124
246
368
928
806
684
562
440
318
196
74
13
135
257
379
501
623
745
867
989
2324
2360
2482
2604
2726
2848
2970
3092
3214
3178
2446
2568
2690
2812
2934
3056
2200
2322
2444
2566
2688
2810
2932
3054
3176
3298
1104
1041
919
797
675
553
305
183
61
0
122
244
366
930
808
686
564
442
320
198
76
15
137
259
381
503
625
747
869
991
2852
2350
2472
2594
2716
2838
2960
3082
3204
2856
2700
2822
813
691
569
447
325
203
81
20
142
264
386
508
630
752
874
1042
920
798
676
554
314
192
70
9
131
253
375
428
3234
3112
2990
2868
2746
2624
2502
2380
2258
2136
2014
1892
1770
1648
1526
1404
1282
1160
682
560
619
741
863
985
2226
2348
2470
2592
2714
2836
2958
3080
3202
3324
2698
2820
933
811
689
567
445
323
201
79
18
140
262
384
506
628
750
872
994
490
612
734
856
978
1100
1222
1344
1466
1588
1710
1832
1954
2076
2198
2320
2442
2564
2686
2808
2930
3052
3174
3296
309
187
65
4
126
248
370
621
743
865
987
2236
2358
2480
2602
2724
2846
2968
3090
3212
3334
2708
2830
315
193
71
10
132
254
376
927
805
683
561
622
744
866
988
1039
917
795
673
551
306
184
62
1
123
245
367
932
810
688
566
444
322
200
78
17
139
261
383
505
627
749
871
993
3116
2994
2872
2750
2628
2506
2384
2262
2996
2874
2752
2630
2508
2386
2768
2766
2764
2762
2760
2758
2756
2754
926
804
570
448
326
204
82
21
143
265
387
509
631
2323
2445
2567
2689
2811
2933
3055
3177
2707
2705
2703
2701
2699
2697
2695
2693
751
873
812
690
2646
2644
2642
2640
2638
2636
2634
2632
924
802
568
446
324
202
80
19
141
263
385
507
629
2447
2569
2691
2813
2935
3057
2829
2827
2825
2823
2821
2819
2817
2815
2731
2853
2792
2670
956
834
712
590
468
346
224
102
41
163
285
407
529
651
773
895
1017
962
840
718
596
474
352
230
108
47
169
291
413
535
657
779
901
1023
2229
2351
2473
2595
2717
2839
2961
3083
3205
3327
2796
2674
2552
2430
2308
2186
2064
1942
1820
1698
1576
1454
1332
1210
1088
966
844
722
600
478
356
234
112
51
173
295
417
539
661
783
905
1027
1149
1271
1393
1515
1637
1759
1881
2003
2125
2247
2369
2491
2613
2735
2857
3266
3144
3022
2900
2778
2656
2534
2412
2290
2168
3142
3020
2898
2776
2654
2532
2410
2288
3272
3150
3028
2906
2784
2662
2540
2418
2296
2174
3148
3026
2904
2782
2660
2538
2416
2294
2359
2481
2603
2725
2847
2969
3091
3213
2361
2483
2605
2727
2849
2971
3093
3215
3337
2729
2851
2790
2668
954
832
710
588
466
344
222
100
39
161
283
405
527
649
771
893
1015
960
838
716
594
472
350
228
106
45
167
289
411
533
655
777
899
1021
2221
2349
2471
2593
2715
2837
2959
3081
3203
952
830
708
586
464
342
220
98
37
159
281
403
525
647
769
891
1013
2225
2347
2469
2591
2713
2835
2957
3079
3201
3323
2343
2465
2587
2709
2831
2953
3075
3197
3319
2345
2467
2589
2711
2833
2955
3077
3199
2239
2355
2477
2599
2721
2843
2965
3087
3209
3258
3136
3014
2892
2770
2648
2526
2404
2282
2160
3262
3140
3018
2896
2774
2652
2530
2408
2286
2164
2733
2855
2794
2672
958
836
714
592
470
348
226
104
43
165
287
409
531
653
775
897
1019
964
842
720
598
476
354
232
110
49
171
293
415
537
659
781
903
1025
2231
2353
2475
2597
2719
2841
2963
3085
3207
3329
2798
2676
2554
2432
2310
2188
2066
1944
1822
1700
1578
1456
1334
1212
1090
968
846
724
602
480
358
236
114
53
175
297
419
541
663
785
907
1029
1151
1273
1395
1517
1639
1761
1883
2005
2127
2249
2371
2493
2615
2737
2859
3268
3146
3024
2902
2780
2658
2536
2414
2292
2170
3138
3016
2894
2772
2650
2528
2406
2284
3276
3154
3032
2910
2788
2666
2544
2422
2300
2178
3152
3030
2908
2786
2664
2542
2420
2298
2235
2357
2479
2601
2723
2845
2967
3089
3211
3333