1634
3659
3537
3415
3293
3171
3049
2927
2805
2683
2561
2439
2317
2195
2073
1951
1829
1707
1585
1463
1341
1219
1097
975
853
731
609
487
365
243
121
60
182
304
426
548
670
792
914
1036
1158
1280
1402
1524
1646
1768
1890
2012
2134
2256
2378
2500
2622
2744
2866
2988
3110
3232
3354
3476
3598
3720
3657
3535
3413
3291
3169
3047
2925
2803
2681
2559
2437
2315
2193
2071
1949
1827
1705
1583
1461
1339
1217
1095
973
851
729
607
485
363
241
119
58
180
302
424
546
668
790
912
1034
1156
1278
1400
1522
1644
1766
1888
2010
2132
2254
2376
2498
2620
2742
2864
2986
3108
3230
3352
3474
3596
3718
3647
3525
3403
3281
3159
3037
3649
3527
3405
3283
3161
3039
3651
3529
3407
3285
3163
3041
3653
3531
3409
3287
3165
3043
3655
3533
3411
3289
3167
3045
3623
3625
3627
3629
3631
3633
3635
3637
3639
3641
3643
3645
3501
3503
3505
3507
3509
3511
3513
3515
3517
3519
3521
3523
3597
3595
3593
3591
3589
3587
3585
3583
3581
3579
3577
3575
3573
3571
3569
3567
3565
3563
3561
3559
3557
3555
3553
3551
3549
3547
3545
3543
3541
3539
3538
3540
3542
3544
3546
3548
3550
3552
3554
3556
3558
3560
3562
3564
3566
3568
3570
3572
3574
3576
3578
3580
3582
3584
3586
3588
3590
3592
3594
3719
3717
3715
3713
3711
3709
3707
3705
3703
3701
3699
3697
3695
3693
3691
3689
3687
3685
3683
3681
3679
3677
3675
3673
3671
3669
3667
3665
3663
3661
3660
3662
3664
3666
3668
3670
3672
3674
3676
3678
3680
3682
3684
3686
3688
3690
3692
3694
3696
3698
3700
3702
3704
3706
3708
3710
3712
3714
3716
1917
1795
1673
1551
1429
1307
1185
1063
941
819
697
575
453
331
209
87
26
148
270
392
514
636
758
880
1002
1124
1246
1368
1490
1612
1734
1856
1978
1921
1799
1677
1555
1433
1311
1189
1067
945
823
701
579
457
335
213
91
30
152
274
396
518
640
762
884
1006
1128
1250
1372
1494
1616
1738
1860
1982
1925
1803
1681
1559
1437
1315
1193
1071
949
827
705
583
461
339
217
95
34
156
278
400
522
644
766
888
1010
1132
1254
1376
1498
1620
1742
1864
1986
1929
1807
1685
1563
1441
1319
1197
3100
3222
3344
3466
1268
1390
1512
1634
1756
1878
2000
2122
2244
2366
2488
1449
1327
1205
1266
1258
1380
1502
1624
1746
1868
1990
1933
1811
1689
1567
1445
1323
1201
3104
3226
3348
3470
1935
1813
1691
1569
1447
1325
1203
3106
3228
3350
3472
1876
1998
1264
1386
1262
1384
1506
1628
1750
1872
1994
1919
1797
1675
1553
1431
1309
1187
1065
943
821
699
577
455
333
211
89
28
150
272
394
516
638
760
882
1004
1126
1248
1370
1492
1614
1736
1858
1980
1923
1801
1679
1557
1435
1313
1191
1069
947
825
703
581
459
337
215
93
32
154
276
398
520
642
764
886
1008
1130
1252
1374
1496
1618
1740
1862
1984
1927
1805
1683
1561
1439
1317
1195
3098
3220
3342
3464
2427
2305
2183
2061
1939
1817
1695
1573
1451
1329
1207
1937
1815
1693
1571
1256
1378
1500
1622
1744
1866
1988
1931
1809
1687
1565
1443
1321
1199
3102
3224
3346
3468
1915
1793
1671
1549
1427
1305
1183
1061
939
817
695
1388
1510
1632
1754
1260
1382
1504
1626
1748
1870
1992
756
878
1000
1122
1244
1366
1488
1610
1732
1854
1976
1508
1630
1752
1874
1996
3607
3485
3363
3241
1059
937
3302
3424
2143
2021
1899
1777
1655
1533
1411
1289
1167
1228
1350
1472
1594
1716
1838
1960
2082
2204
2266
2144
2022
1900
1778
1656
1534
1412
1290
1168
1229
1351
1473
1595
1717
1839
1961
2083
2205
2327
997
1119
1241
1363
1485
1607
1729
1851
1973
2095
2217
2339
2461
755
877
999
1121
1243
1365
1487
1609
1731
1853
1975
3536
3534
3532
3530
3528
3526
3524
3522
3520
3518
3516
3514
3512
3510
3508
3506
3504
3502
3500
3498
3496
3494
3492
3490
3488
3486
3484
1255
1377
1499
1621
1743
1865
1987
1926
1804
1682
1560
1438
1316
1194
3414
3292
3170
3048
2926
2804
2682
2560
2438
2316
2194
2072
1950
1828
1706
1584
1462
1340
1218
1096
974
852
730
608
486
364
242
120
59
181
303
425
547
669
791
913
1035
1157
1279
1401
1523
1645
1767
1889
2011
2133
2255
2377
2499
2621
2743
2865
2987
3109
3231
3353
3475
3611
3489
3367
3245
3123
3001
2391
2269
2147
2025
1903
1781
1659
1537
1415
1293
1171
1232
1354
1476
1598
1720
1842
1964
2086
2208
2330
2452
3062
3184
3306
3428
3600
3478
3069
3191
3313
3435
2396
2274
2152
2030
1908
1786
1664
1542
1420
1298
1176
1237
1359
1481
1603
1725
1847
1969
2091
2213
2335
2457
1922
1800
1678
1556
1434
1312
1190
1068
946
824
702
580
458
336
214
92
31
153
275
397
519
641
763
885
1007
1129
1251
1373
1495
1617
1739
1861
1983
1265
1387
1509
1631
1753
1875
1997
1936
1814
1692
1570
1448
1326
1204
3374
3252
3130
3008
3105
3227
3349
3471
3410
3288
3166
3044
3615
3493
3371
3249
3127
3005
2395
2273
2151
2029
1907
1785
1663
1541
1419
1297
1175
1236
1358
1480
1602
1724
1846
1968
2090
2212
2334
2456
3066
3188
3310
3432
3601
3479
3065
3187
3309
3431
2392
2270
2148
2026
1904
1782
1660
1538
1416
1294
1172
1233
1355
1477
1599
1721
1843
1965
2087
2209
2331
2453
1918
1796
1674
1552
1430
1308
1186
1064
942
820
698
576
454
332
210
88
27
149
271
393
515
637
759
881
1003
1125
1247
1369
1491
1613
1735
1857
1979
1261
1383
1505
1627
1749
1871
1993
1932
1810
1688
1566
1444
1322
1200
3370
3248
3126
3004
3101
3223
3345
3467
3406
3284
3162
3040
3609
3487
3365
3243
3121
998
1120
2267
2145
2023
1901
1779
1657
1535
1413
1291
1169
1230
1352
1474
1596
1718
1840
1962
2084
2206
2328
3421
3422
3182
3304
3426
3602
3480
3071
3193
3315
3437
2398
2276
2154
2032
1910
1788
1666
1544
1422
1300
1178
1239
1361
1483
1605
1727
1849
1971
2093
2215
2337
2459
1924
1802
1680
1558
1436
1314
1192
1070
948
826
704
582
460
338
216
94
33
155
277
399
521
643
765
887
1009
1131
1253
1375
1497
1619
1741
1863
1985
1267
1389
1511
1633
1755
1877
1999
1938
1816
1694
1572
1450
1328
1206
3376
3254
3132
3010
3412
3290
3168
3046
2924
2802
2680
2558
2436
2314
2192
2070
1948
1826
1704
1582
1460
1338
1216
1094
972
850
728
606
484
362
240
118
57
179
301
423
545
667
789
911
1033
1155
1277
1399
1521
1643
1765
1887
2009
2131
2253
2375
2497
2619
2741
2863
2985
3107
3229
3351
3473
3613
3491
3369
3247
3125
3003
2393
2271
2149
2027
1905
1783
1661
1539
1417
1295
1173
1234
1356
1478
1600
1722
1844
1966
2088
2210
2332
2454
3064
3186
3308
3430
3599
3477
3067
3189
3311
3433
2394
2272
2150
2028
1906
1784
1662
1540
1418
1296
1174
1235
1357
1479
1601
1723
1845
1967
2089
2211
2333
2455
1920
1798
1676
1554
1432
1310
1188
1066
944
822
700
578
456
334
212
90
29
151
273
395
517
639
761
883
1005
1127
1249
1371
1493
1615
1737
1859
1981
1263
1385
1507
1629
1751
1873
1995
1934
1812
1690
1568
1446
1324
1202
3372
3250
3128
3006
3103
3225
3347
3469
3408
3286
3164
3042
3617
3495
3373
3251
3129
3007
2397
2275
2153
2031
1909
1787
1665
1543
1421
1299
1177
1238
1360
1482
1604
1726
1848
1970
2092
2214
2336
2458
3068
3190
3312
3434
3603
3481
3063
3185
3307
3429
2390
2268
2146
2024
1902
1780
1658
1536
1414
1292
1170
1231
1353
1475
1597
1719
1841
1963
2085
2207
2329
2451
1916
1794
1672
1550
1428
1306
1184
1062
940
818
696
574
452
330
208
86
25
147
269
391
513
635
757
879
1001
1123
1245
1367
1489
1611
1733
1855
1977
1259
1381
1503
1625
1747
1869
1991
1930
1808
1686
1564
1442
1320
1198
3368
3246
3124
3002
3099
3221
3343
3465
3404
3282
3160
3038
3605
3483
3361
2019
1897
1775
1653
1531
1409
1287
1348
1470
1592
1714
1836
1958
2080
2142
2020
1898
1776
1654
1532
1410
1288
1166
1227
1349
1471
1593
1715
1837
1959
2081
2203
2018
1896
1774
1652
1530
1408
1286
3362
3240
1347
1469
1591
1713
1835
1957
2079
2400
2278
2156
2034
1912
1790
1668
1546
1424
1302
1180
1058
936
3621
3499
3377
3255
3133
3011
2401
2279
2157
2035
1913
1791
1669
1547
1425
1303
1181
1242
1364
1486
1608
1730
1852
1974
2096
2218
2340
2462
3072
3194
3316
3438
3604
3482
3360
3181
3303
3425
3364
3242
3120
1257
1379
1501
1623
1745
1867
1989
1928
1806
1684
1562
1440
1318
1196
3366
3244
3122
3000
3097
3219
3341
3463
3402
3280
3158
3036
3619
3497
3375
3253
3131
3009
2399
2277
2155
2033
1911
1789
1667
1545
1423
1301
1179
1240
1362
1484
1606
1728
1850
1972
2094
2216
2338
2460
3070
3192
3314
3436
3301
3423
3061
3183
3305
3427
1914
1792
1670
1548
1426
1304
1182
1060
938
816
694
3658
3656
3654
3652
3650
3648
3646
3644
3642
3640
3638
3636
3634
3632
3630
3628
3626
3624
3622
3620
3618
3616
3614
3612
3610
3608
3606
2121
2243
2365
2487
2426
2304
2182
2060