643
2923
2801
2679
2557
2435
2313
2191
2069
1947
1825
1703
1581
1459
1337
1215
1093
971
849
727
605
483
361
239
117
56
178
300
422
544
666
788
910
1032
1154
1276
1398
1520
1642
1764
1886
2008
2130
2252
2374
2496
2618
2740
2862
2984
2551
2429
2307
2185
2063
1941
1819
1697
1575
1453
1331
1209
1087
1148
1270
1392
1514
1636
1758
1880
2002
2124
2246
2368
2490
2612
1073
951
829
707
585
463
341
219
97
36
158
280
402
524
646
768
890
1012
1134
573
451
329
207
85
24
146
268
390
512
634
439
317
195
73
12
134
256
378
500
2547
2425
2303
2181
2059
2163
2041
1075
1077
1079
1081
1083
1085
1136
1138
1140
1142
1144
1146
2549
3379
3381
3383
3385
3387
3389
3391
3393
3395
3397
3399
3401
3275
3271
3265
3261
3279
3157
3035
2913
2525
2403
2281
2159
2037
2039
3257
3135
3013
2891
2167
2045
2043
2173
2051
2177
2055
2549
2057
2053
2049
2047
2915
2917
2919
2921
1057
935
815
693
2098
2100
2102
2104
2106
2108
2110
2112
2114
2116
2118
2120
3440
3442
3444
3446
3448
3450
3452
3454
3456
3458
3460
3462
2974
3096
3218
3340
2242
2364
2486
2608
2610
2220
2342
2464
2586
2952
3074
3196
3318
2976
2978
2980
2982
2238
3336
3332
3326
2234
2228
2224
3322
754
876
996
1118
3358
3356
3355
3357
3359
3419
3417
3416
3418
3420
3300
2078
1165
1164
2890
2888
2886
2884
2882
2880
2878
2876
2202
2326
3180
1956
1285
1284
2524
2522
2520
2518
2516
2514
2512
2510
1226
2450
3060
1834
1407
1406
1117
1115
1113
1111
1109
1107
1105
497
495
493
491
1712
1529
1528
1056
1054
1052
1050
1048
1046
1044
436
434
432
430
1590
1651
1650
2938
2940
2942
2944
2946
2948
2950
492
494
496
498
1468
1773
1772
2572
2574
2576
2578
2580
2582
2584
431
433
435
437
1346
1895
1894
1045
1047
1049
1051
1053
1055
1106
1108
1110
1112
1114
1116
2017
2016
2511
2513
2515
2517
2519
2521
2523
2877
2879
2881
2883
2885
2887
2889
2937
3059
2999
2389
2265
3119
3239
2141
1345
1467
1589
1711
1833
1955
2077
438
316
194
72
11
133
255
377
499
2140
2264
2388
3238
2998
3118
1225
934
995
753
875
572
450
328
206
84
23
145
267
389
511
633
814
692
3378
3256
3134
3012
2325
2201
2449
2571
2402
2280
2158
2036
3179
3299
2585
2583
2581
2579
2577
2575
2573
2951
2949
2947
2945
2943
2941
2939
3461
3459
3457
3455
3453
3451
3449
3447
3445
3443
3441
3439
2162
3264
3260
2172
2166
2176
3270
3274
2922
2800
2678
2556
2434
2312
2190
2068
1946
1824
1702
1580
1458
1336
1214
1092
970
848
726
604
482
360
238
116
55
177
299
421
543
665
787
909
1031
1153
1275
1397
1519
1641
1763
1885
2007
2129
2251
2373
2495
2617
2739
2861
2983
2550
2428
2306
2184
2062
1940
1818
1696
1574
1452
1330
1208
1086
1147
1269
1391
1513
1635
1757
1879
2001
2123
2245
2367
2489
2611
1072
950
828
706
584
462
340
218
96
35
157
279
401
523
645
767
889
1011
1133
2609
2548
1084
1082
1080
1078
1076
1074
1145
1143
1141
1139
1137
1135
2119
2117
2115
2113
2111
2109
2107
2105
2103
2101
2099
2097
2058
2056
2054
2052
2050
2048
2046
2044
2042
2040
2038
3400
3398
3396
3394
3392
3390
3388
3386
3384
3382
3380
2219
2341
2463
2223
3325
3321
2227
3073
3195
3317
3331
2233
3335
2237
2973
3095
3217
3339
2241
2363
2485
2607
2546
2424
2302
2180
3278
3156
3034
2912
2920
2918
2916
2914
2981
2979
2977
2975