72
833
1
589
1
345
1
837
1
593
1
349
1
841
1
597
1
353
1
263
1
507
1
751
1
690
1
446
1
202
1
413
0
657
0
901
0
691
0
447
0
203
0
897
0
264
0
508
0
752
0
405
0
649
0
893
0
409
0
653
0
2908
-0.5
2590
-0.5
2904
-0.5
2594
-0.5
2898
-0.5
2600
-0.5
2894
-0.5
2604
-0.5
2542
0.5
2956
0.5
2538
0.5
2960
0.5
2966
0.5
2532
0.5
2528
0.5
2970
0.5
63
-0.25
1041
-0.25
2324
-0.25
123
0.75
1101
0.75
3177
0.75
62
-0.75
1040
-0.75
2323
-0.75
124
0.25
1102
0.25
3178
0.25
20
0
83
0
144
0
327
0
388
0
632
0
571
0
19
1
326
1
82
1
143
1
387
1
570
1
631
1