643
11
12
23
24
35
36
55
56
72
73
84
85
96
97
116
117
133
134
145
146
157
158
177
178
194
195
206
207
218
219
238
239
255
256
267
268
279
280
299
300
316
317
328
329
340
341
360
361
377
378
389
390
401
402
421
422
430
431
432
433
434
435
436
437
438
439
450
451
462
463
482
483
491
492
493
494
495
496
497
498
499
500
511
512
523
524
543
544
572
573
584
585
604
605
633
634
645
646
665
666
692
693
706
707
726
727
753
754
767
768
787
788
814
815
828
829
848
849
875
876
889
890
909
910
934
935
950
951
970
971
995
996
1011
1012
1031
1032
1044
1045
1046
1047
1048
1049
1050
1051
1052
1053
1054
1055
1056
1057
1072
1073
1074
1075
1076
1077
1078
1079
1080
1081
1082
1083
1084
1085
1086
1087
1092
1093
1105
1106
1107
1108
1109
1110
1111
1112
1113
1114
1115
1116
1117
1118
1133
1134
1135
1136
1137
1138
1139
1140
1141
1142
1143
1144
1145
1146
1147
1148
1153
1154
1164
1165
1208
1209
1214
1215
1225
1226
1269
1270
1275
1276
1284
1285
1330
1331
1336
1337
1345
1346
1391
1392
1397
1398
1406
1407
1452
1453
1458
1459
1467
1468
1513
1514
1519
1520
1528
1529
1574
1575
1580
1581
1589
1590
1635
1636
1641
1642
1650
1651
1696
1697
1702
1703
1711
1712
1757
1758
1763
1764
1772
1773
1818
1819
1824
1825
1833
1834
1879
1880
1885
1886
1894
1895
1940
1941
1946
1947
1955
1956
2001
2002
2007
2008
2016
2017
2036
2037
2038
2039
2040
2041
2042
2043
2044
2045
2046
2047
2048
2049
2050
2051
2052
2053
2054
2055
2056
2057
2058
2059
2062
2063
2068
2069
2077
2078
2097
2098
2099
2100
2101
2102
2103
2104
2105
2106
2107
2108
2109
2110
2111
2112
2113
2114
2115
2116
2117
2118
2119
2120
2123
2124
2129
2130
2140
2141
2158
2159
2162
2163
2166
2167
2172
2173
2176
2177
2180
2181
2184
2185
2190
2191
2201
2202
2219
2220
2223
2224
2227
2228
2233
2234
2237
2238
2241
2242
2245
2246
2251
2252
2264
2265
2280
2281
2302
2303
2306
2307
2312
2313
2325
2326
2341
2342
2363
2364
2367
2368
2373
2374
2388
2389
2402
2403
2424
2425
2428
2429
2434
2435
2449
2450
2463
2464
2485
2486
2489
2490
2495
2496
2510
2511
2512
2513
2514
2515
2516
2517
2518
2519
2520
2521
2522
2523
2524
2525
2546
2547
2548
2549
2550
2551
2556
2557
2571
2572
2573
2574
2575
2576
2577
2578
2579
2580
2581
2582
2583
2584
2585
2586
2607
2608
2609
2610
2611
2611
2612
2617
2618
2678
2679
2739
2740
2800
2801
2861
2862
2876
2877
2878
2879
2880
2881
2882
2883
2884
2885
2886
2887
2888
2889
2890
2891
2912
2913
2914
2915
2916
2917
2918
2919
2920
2921
2922
2923
2937
2938
2939
2940
2941
2942
2943
2944
2945
2946
2947
2948
2949
2950
2951
2952
2973
2974
2975
2976
2977
2978
2979
2980
2981
2982
2983
2984
2998
2999
3012
3013
3034
3035
3059
3060
3073
3074
3095
3096
3118
3119
3134
3135
3156
3157
3179
3180
3195
3196
3217
3218
3238
3239
3256
3257
3260
3261
3264
3265
3270
3271
3274
3275
3278
3279
3299
3300
3317
3318
3321
3322
3325
3326
3331
3332
3335
3336
3339
3340
3355
3356
3357
3358
3359
3378
3379
3380
3381
3382
3383
3384
3385
3386
3387
3388
3389
3390
3391
3392
3393
3394
3395
3396
3397
3398
3399
3400
3401
3416
3417
3418
3419
3420
3439
3440
3441
3442
3443
3444
3445
3446
3447
3448
3449
3450
3451
3452
3453
3454
3455
3456
3457
3458
3459
3460
3461
3462